İllər:,18 yaşadək:,18-24,25-34,35 və yuxarı
1970,-,11839,16481,6902
1980,6,30359,24213,5556
1990,21,29145,36712,7241
1991,24,30508,38411,5435
1992,29,28759,34752,5200
1993,56,23849,31273,4850
1994,45,18021,24794,4287
1995,44,15688,23290,4108
1996,47,12316,22059,4150
1997,50,14161,27855,4933
1998,38,12846,23430,4537
1999,22,10974,22001,4385
2000,11,10932,24082,4586
2001,15,11593,25392,4861
2002,12,10912,25506,5231
2003,21,14824,34189,7057
2004,25,17502,36741,7909
2005,48,21452,40687,9456
2006,50,24260,45154,9979
2007,36,25891,45220,10611
2008,35,27283,42584,10062
2009,20,26940,41312,9800
2010,7,27284,42297,9584
2011,11,28085,48241,11808
2012,5,25031,43081,10948
2013,2,26918,47746,12186
2014,2,25438,47534,11938
2015,3,19878,39804,9088
2016,3,18074,40156,8538
2017,1,15537,39402,7983
2018, -,14584,39714,8186
2019,1,13557,41055,9256
2020, -,6698,22654,5996
2021,1,10011,38211,8091
2022, -,11069,41502,9368
2023, -,9541,35498,9161
