İllər:,18 yaşadək:,18-24,25-34,35 və yuxarı
1970,-,24189,6554,4479
1980,167,47260,9564,3143
1990,471,49787,17322,5539
1991,548,53102,17262,3466
1992,780,49505,15065,3390
1993,5044,39299,12937,2748
1994,4497,30064,9959,2627
1995,4030,27384,9220,2496
1996,3404,24217,8405,2546
1997,3963,30115,9972,2949
1998,3410,26027,8765,2649
1999,2649,23940,8316,2477
2000,2473,25341,9140,2657
2001,2348,26960,9990,2563
2002,2140,26362,10406,2753
2003,2556,36098,13880,3557
2004,3214,40030,15085,3848
2005,4016,45617,17252,4758
2006,4607,50787,19399,4650
2007,5023,51996,19946,4793
2008,5544,51468,18439,4513
2009,5380,50595,17622,4475
2010,4742,52132,17883,4415
2011,5138,56101,21226,5680
2012,295,53738,19487,5545
2013,229,58880,21432,6311
2014,479,56945,21041,6447
2015,388,46287,17050,5048
2016,312,44503,17196,4760
2017,317,41381,16617,4608
2018,338,40683,16653,4810
2019,366,39979,17877,5647
2020,165,20942,10568,3673
2021,137,34041,17206,4930
2022,270,37920,17749,6000
2023,223,32671,15560,5746
